$ 1 0.000005 10.20027730826997 50 5 43 5e-11
L 112 112 -48 112 0 0 false 5 0
L 32 208 -48 208 0 0 false 5 0
L 32 304 -48 304 0 0 false 5 0
I 32 304 80 304 0 0.5 5
I 32 208 96 208 0 0.5 5
152 192 224 288 224 0 2 5 5
w 96 208 192 208 0
w 80 304 80 240 0
w 80 240 192 240 0
152 320 208 384 208 0 2 5 5
w 288 224 320 224 0
w 112 112 288 112 0
w 288 112 288 192 0
w 288 192 320 192 0
152 192 320 304 320 0 2 5 5
w 80 304 192 304 0
w 32 208 32 336 0
w 32 336 192 336 0
152 512 224 640 224 0 2 5 5
w 384 208 512 208 0
w 304 320 480 320 0
w 480 320 480 240 0
w 480 240 512 240 0
